time,x,y,z,phi,theta,psi,x_velocity,y_velocity,z_velocity,phi_velocity,theta_velocity,psi_velocity,rotor_speed1,rotor_speed2,rotor_speed3,rotor_speed4
0.06,-5.79963621645e-08,-5.57619082764e-08,10.0045741168,6.28310648499,6.3961681156e-05,0.0,-5.5329682942e-06,-6.03301920998e-06,0.152461672296,-0.00408005466123,0.00311728058331,0.0,453.2611370121138,453.51152248715607,453.25744159062157,452.9295117831404
0.12000000000000001,-2.41818421055e-06,-2.80917427996e-06,10.0151282519,6.28282464511,0.000419622178025,0.0,-9.91754143821e-05,-0.000110508557722,0.199335363546,-0.00596143955723,0.0110272624012,0.0,419.9759194117635,420.66122383822085,419.2380490640898,419.07466001583197
0.18,-2.14573950799e-05,-1.94073358332e-05,10.0327831735,6.2824686904,0.000553577700065,0.0,-0.000596054650913,-0.000483888101352,0.389115903914,-0.00587491614078,-0.0281446964394,0.0,465.64450483319575,462.5705212321563,465.04002225744824,465.04690004470405
0.23999999999999996,-6.13997691715e-05,-6.1090201501e-05,10.055177203,6.28254877334,6.2822464174,0.0,-0.000604714513876,-0.000914378925067,0.357362579545,0.0128369157383,-0.0190275174972,0.0,392.7621047104946,393.6064330089514,392.0328346753704,393.76737394557665
0.3,-7.43384518946e-05,-0.000126138392792,10.0794188955,6.28316913019,6.2812989539,0.0,0.000278219533771,-0.00118309916648,0.450660962784,0.00480663140429,-0.00999790241272,0.0,434.9920911599159,435.74754369253304,434.8047421369913,434.1314583525571
0.36000000000000004,-1.5457463463e-05,-0.000196423744513,10.1098939574,0.000118803132051,6.28036994301,0.0,0.00176063165428,-0.00113711087764,0.565124056661,-0.00343000747354,-0.0296832973438,0.0,442.7147829521627,441.0923921697245,441.8297868914637,441.15026019274006
0.4200000000000001,0.000153255736125,-0.000262783680966,10.1464204948,0.000144556604907,6.27915136283,0.0,0.00400854315239,-0.00108296159798,0.652380449775,0.00720558780475,-0.00617096558462,0.0,431.21880032583636,433.2000608572826,433.71337928006915,434.60559069811944
0.48000000000000015,0.000475049729199,-0.000323341985982,10.1877091989,0.000534714882442,6.27843130024,0.0,0.00676737064448,-0.000895407223929,0.723866478434,0.00505826782482,-0.0274253854476,0.0,429.7817145308951,427.97680338134177,427.63480515671154,427.4517759396293
0.5400000000000001,0.000991031030582,-0.00036424207819,10.2351968811,0.000459086107495,6.27657219029,0.0,0.0106181307098,-0.000450793404406,0.858963021624,-0.0185391174333,-0.0392729601627,0.0,449.29763749178517,448.3358528461698,449.052650544609,447.134649573843
0.6000000000000002,0.00175878063297,-0.000386671676418,10.2876257201,6.28236713467,6.27433850913,0.0,0.0151833047641,-0.000405695835081,0.888640558792,-0.0274450420075,-0.0334241628645,0.0,414.34226325168777,414.85530683768945,415.3108608253711,414.52904094795105
0.6600000000000003,0.00284435237586,-0.000432240587374,10.3422643147,6.28082677173,6.27269374777,0.0,0.0211711316297,-0.00126235111251,0.932608958629,-0.0223452725244,-0.0175036523603,0.0,418.3661080993868,419.74954722630895,419.8649152335238,420.3069047160585
0.7200000000000003,0.00436018142161,-0.000568217036374,10.4036586381,6.27944720957,6.27243789047,0.0,0.0294198303324,-0.0034248061922,1.11370823844,-0.0243199111083,0.0139635007656,0.0,461.67118692318553,464.147100071522,462.8098776430157,462.6544312705366
0.7800000000000004,0.0063770484162,-0.000868998777356,10.4765737905,6.27783214244,6.27304737121,0.0,0.0377203438528,-0.00677990776309,1.3165854133,-0.0326976023186,0.00118652815888,0.0,470.23624906515323,469.24543656648024,469.90421051992234,469.25426587799865
0.8400000000000004,0.00883648884958,-0.00138561070173,10.5573044676,6.27666492476,6.27325555814,0.0,0.0442465386788,-0.0105820052501,1.37436843807,-0.00122324757334,0.00768466697751,0.0,424.9017592415245,425.4583635874071,423.5833464791816,426.2810543522407
0.9000000000000005,0.0116973132631,-0.00215698750065,10.6430421538,6.27689053914,6.27373699661,0.0,0.0510641491502,-0.0151202605346,1.48341949618,0.0122214361659,0.00869411169243,0.0,441.34965217435473,441.4328346216598,441.36028000111247,442.4683623042595
0.9600000000000005,0.0149804250122,-0.00320899075846,10.7378827696,6.27733256529,6.27457671199,0.0,0.0582894667417,-0.0198739856809,1.67767086017,-0.00473917615393,0.0229126057012,0.0,466.7928828439071,467.90091410206503,469.2876664421638,467.9693426192567
1.0200000000000005,0.0186661816551,-0.00453472757126,10.8434655753,6.27710821701,6.27548238576,0.0,0.0644303125694,-0.0243440535222,1.84150749751,-0.00181042209158,-0.00905987805575,0.0,460.8174062794409,458.28322290033515,459.18841918243095,459.42074842103204
1.0800000000000005,0.0227112974102,-0.00613570898876,10.9592973988,6.27674297633,6.27502280568,0.0,0.0704612593173,-0.0290450627909,2.01925576467,-0.0164202716053,-0.00499675030767,0.0,463.72750480545915,464.0466567354754,464.9824280015408,463.8366505090616
1.1400000000000006,0.0271087018565,-0.00801503828396,11.0835095718,6.27625948104,6.27507307298,0.0,0.0761279955702,-0.0336692718843,2.12096601889,0.00488373588769,0.0105050340388,0.0,440.32736731069866,441.60784506802145,440.9811568111853,442.73744643004795
1.2000000000000006,0.0318670396206,-0.0101991741375,11.2170442404,6.27693767457,6.27612854513,0.0,0.0823770379359,-0.0390724180661,2.32978925884,0.0217669011058,0.0289329936654,0.0,472.94792018161354,474.3649774769292,474.4279855164343,475.7223356893156
1.2600000000000007,0.0369454136691,-0.0126647243915,11.3593546317,6.27783900501,6.27748354636,0.0,0.0867420857491,-0.0429961724553,2.41371883021,-0.00399932353713,0.0051864327638,0.0,437.4819086818228,435.5002807284022,438.68054636064903,436.53575655910237
1.3200000000000007,0.042266135479,-0.0153564086899,11.5073188297,6.27783917813,6.27720323439,0.0,0.0905884437269,-0.0467367422991,2.51819682724,0.00699970589254,-0.0476638912428,0.0,446.1867309923659,441.85098630191993,443.3679956054606,444.27072967609007
1.3800000000000008,0.0478261021172,-0.0182617963231,11.6599738567,6.27840828717,6.27462303388,0.0,0.0949999431029,-0.0500616369669,2.57018649728,0.0140427069981,-0.0350175060808,0.0,427.51887825409494,428.59389847495197,426.90854253568097,427.5089537824616
1.4400000000000008,0.053713961772,-0.0213626940992,11.8175286134,6.27908239102,6.27236652559,0.0,0.101484975628,-0.0532211993387,2.68138236784,0.00492740285304,-0.0433704792742,0.0,447.3815470953737,446.700244775867,446.8448442661758,446.10104096940154
1.5000000000000009,0.0600662121974,-0.0246504570362,11.9840924727,6.27944622073,6.27007662928,0.0,0.110531288589,-0.0563310387179,2.87028792317,0.00824505191539,-0.0293859075812,0.0,470.4154412903944,471.4964186712948,470.7137075034877,470.97027081434527
1.560000000000001,0.0669772551434,-0.0281060455707,12.1594440149,6.28014403206,6.26794848962,0.0,0.12002847617,-0.0587924119467,2.97449507023,0.0176614991661,-0.0518291231884,0.0,446.1100189289261,444.2729840624665,446.62859257064304,447.3958168618861
1.620000000000001,0.0745513847268,-0.0316991216245,12.3438776165,6.28223565454,6.26544384762,0.0,0.132755082258,-0.0607771893976,3.17275761186,0.0566112231253,-0.0267994155183,0.0,474.0346258307206,475.9531543182441,473.7903879677256,476.7759394009733
1.680000000000001,0.0828916831478,-0.0353524548927,12.537394148,0.00199237285438,6.26336147061,0.0,0.145429772236,-0.0606674030082,3.27749524071,0.0261560068171,-0.0593374902131,0.0,449.9183856147547,447.2754449056038,448.59214678236725,446.11354478671734
1.740000000000001,0.0920559263196,-0.0389437573134,12.7377974285,0.00362222337051,6.25956591165,0.0,0.160424488293,-0.0588746043744,3.40224129229,0.0291076220245,-0.0725545487445,0.0,455.4901724547545,454.4290357467864,454.5146541662971,454.7513089823765
1.8000000000000012,0.10216242995,-0.0423987270349,12.9439760932,0.00534272836268,6.25525606096,0.0,0.176875093496,-0.0561234506671,3.47016390793,0.0277958082907,-0.0704221108696,0.0,438.60486715213005,438.77788933039244,436.99748028953576,436.8883594449876
1.8600000000000012,0.113533173031,-0.0456171786683,13.1609465382,0.00685087896262,6.25119925971,0.0,0.202661848824,-0.0509560530038,3.76125401151,0.0192010144063,-0.0625189827198,0.0,504.5102050739051,505.07766435767803,504.3467879291356,503.7256524835362
1.9200000000000013,0.126303527219,-0.0485425859409,13.3876509044,0.0082088421131,6.24746592337,0.0,0.223357872233,-0.0464419781443,3.79542988493,0.0287375595779,-0.0616356271341,0.0,428.82195194965783,428.8940456730939,429.62888313980716,430.4368011863892
1.9800000000000013,0.140472950654,-0.051149547794,13.6188105945,0.00982168335085,6.24360909316,0.0,0.249334288362,-0.0402863264911,3.90949003132,0.0228817507512,-0.0701752304512,0.0,455.6245252863988,454.938290941325,454.8973024557779,454.42826310875347
2.0400000000000014,0.156205195936,-0.0533736578151,13.8548539466,0.0116791607614,6.23936715674,0.0,0.27546568679,-0.0336967381612,3.95843063462,0.0435486425936,-0.0717669008518,0.0,435.7729494214847,435.63593293117174,434.1849731341793,435.91587394355844
2.1000000000000014,0.173607621163,-0.0551571045781,14.0943173046,0.0143328774732,6.23574576224,0.0,0.304981815964,-0.0254997112708,4.02342888074,0.0455546146313,-0.043979173936,0.0,440.3597030594746,442.6496176914784,440.24423891575583,440.4113275341522
2.1600000000000015,0.192980012753,-0.0563550042874,14.3404534237,0.0172034943258,6.23280955689,0.0,0.341041469753,-0.0141293407631,4.18052102749,0.0520667853605,-0.0613675249857,0.0,470.253455011378,468.90306411016775,469.6436505239247,470.1497605170956
2.2200000000000015,0.214523970056,-0.0568265983741,14.5948019894,0.0201134966052,6.22920644647,0.0,0.377447513559,-0.00128241492805,4.29729900052,0.0401946102111,-0.0575434556076,0.0,458.73388206751815,459.03503665186463,459.17053844064316,458.22899951482805
2.2800000000000016,0.238201645856,-0.0565156812718,14.8538628932,0.0222431354841,6.22638918176,0.0,0.412085253721,0.0118563963415,4.33788187289,0.0238759271179,-0.031454319968,0.0,434.5055743597986,436.6859224732539,436.9200096418257,435.5577887765609
2.3400000000000016,0.263948662629,-0.0554015193566,15.1143573825,0.024191766918,6.22455341482,0.0,0.446309074902,0.0254342264874,4.34521773084,0.0457058026703,-0.0289329886448,0.0,425.2481775526079,425.4637665783127,424.6947290972277,426.56363136278
2.4000000000000017,0.291852139549,-0.0534042770316,15.3764914826,0.026482870643,6.22253596279,0.0,0.483968121755,0.0413797405526,4.39237842405,0.0155901757207,-0.0452129476007,0.0,438.78890850984817,437.4346419846879,440.17985272547224,437.68095580858574
2.4600000000000017,0.322143943362,-0.0503750760738,15.6428771885,0.0274552243544,6.21977392249,0.0,0.526010142219,0.0596798554988,4.48674572447,0.0174096857355,-0.0477283170613,0.0,454.4452894572043,454.24240462196303,453.17079050143,453.31694025256905
2.520000000000002,0.354992750149,-0.0462361702927,15.9145891324,0.0289941754412,6.21765152252,0.0,0.569166188618,0.0784061168239,4.56995571482,0.0384406239192,-0.0180220316724,0.0,449.39200713384065,451.79304225107677,450.89902442826934,452.5951457972608
2.580000000000002,0.390297207973,-0.0410146751907,16.1887040133,0.031296732928,6.21635730466,0.0,0.607747359016,0.095843614779,4.56719248881,0.0382463444893,-0.0298273908118,0.0,424.17572704213666,423.1605256790921,425.13663665371905,425.1207772318452
2.640000000000002,0.428277873884,-0.0345464930735,16.4676851602,0.0338366686878,6.21558614156,0.0,0.658353594828,0.120011143217,4.73147782503,0.0494550748496,0.00871559111667,0.0,475.01754473766835,477.96435309079465,476.00959571312933,476.8674870883388
2.700000000000002,0.469258843015,-0.0265899838427,16.7558669987,0.0362257349341,6.2163774974,0.0,0.707558703336,0.145496087646,4.87396409009,0.000915528960989,0.0208994300405,0.0,470.64811819957634,471.590153176091,473.55444412666367,469.80598150192606
2.760000000000002,0.51310053362,-0.0171027248494,17.0515453923,0.0361240920251,6.21763006987,0.0,0.75366266308,0.170727267717,4.98151279541,-0.00750444194143,0.020829727356,0.0,463.03683013916753,463.03131580712613,461.5639686941797,460.89893544654086
2.820000000000002,0.559552368995,-0.00617632760797,17.3517159642,0.0353720336117,6.21857264794,0.0,0.794606012853,0.193425313542,5.02398265677,-0.0252045032962,0.0027441848517,0.0,443.387812255542,441.8991932065562,443.9176851941002,442.46276072162004
2.880000000000002,0.608523905648,0.00613682350096,17.6556564986,0.0336912482177,6.21894583139,0.0,0.837718663375,0.216841301949,5.10699236286,-0.0343220643277,0.0123949358327,0.0,455.62708527492964,456.3980096623906,456.32051164119554,455.5918028674148
2.940000000000002,0.659986549064,0.019775431348,17.9632693646,0.0317112248431,6.22007864033,0.0,0.877592158993,0.237584378261,5.14659212862,-0.0304805312415,0.0294311927394,0.0,441.198488296724,442.6029968712785,444.3479839615579,444.66241731221663
3.000000000000002,0.714169096082,0.0347987769065,18.2788939539,0.0294713607132,6.22133552607,0.0,0.928220275773,0.262921741384,5.37319252277,-0.0568007443865,-0.00719715216107,0.0,501.3962115398002,498.7277014856594,499.4507537066825,497.52655040561
3.0600000000000023,0.771402442651,0.0512971978331,18.608707321,0.025642632551,6.22155377729,0.0,0.979480862157,0.286550083215,5.61939912795,-0.083983822122,0.0194089425516,0.0,505.50752747516617,507.4213627664353,507.9693691251362,506.013363788525
3.1200000000000023,0.831304611627,0.0689512300169,18.9469059752,0.0205349626994,6.22256445622,0.0,1.01713558582,0.301442784733,5.65373126991,-0.0875183917147,0.0111476079411,0.0,448.1319067972376,447.4596680383734,445.59441585697056,445.2993810662179
3.1800000000000024,0.893682905386,0.087478818967,19.2910734352,0.0155391744161,6.22352517201,0.0,1.06198720521,0.31555474054,5.81770214056,-0.0758853623983,0.0242989322006,0.0,485.38617903436216,486.3721916033915,485.6992295534534,486.5659877138947
3.2400000000000024,0.958406201975,0.106663269879,19.639720847,0.0107578943149,6.22523555906,0.0,1.09531166987,0.323528362212,5.80396374151,-0.0886446588421,0.0358150934314,0.0,432.22302281964323,433.1929354135631,434.52755853505397,433.45104291307274
3.3000000000000025,1.02525583698,0.126268321896,19.9903402768,0.00579531844984,6.22721172896,0.0,1.13276771652,0.329459565998,5.88296532797,-0.0729095402019,0.0264483943215,0.0,462.8925949632503,462.1551381605074,461.3813019422281,462.6167796250438
3.3600000000000025,1.09425895032,0.146127335548,20.3447526604,0.00118470652109,6.22926176798,0.0,1.16713410108,0.33208092825,5.93055022332,-0.0861720551361,0.0463138836405,0.0,452.56197402254617,454.15887696407714,454.0064989221563,452.9363026004955
3.4200000000000026,1.16532823831,0.16605231583,20.7029584161,6.27918604417,6.23198477051,0.0,1.20153260996,0.331569325248,6.00925468838,-0.0868579797077,0.0434548255376,0.0,463.76885446623874,463.54529288752406,463.2002866615441,463.14050158975357
3.4800000000000026,1.23819026384,0.185862681021,21.061675132,6.27355643065,6.23461121737,0.0,1.22699780975,0.328350921853,5.94831495157,-0.113799903578,0.0444049790302,0.0,419.42005216938816,419.5037840556601,421.330929391874,418.98611757277615
3.5400000000000027,1.31271271613,0.205345127561,21.4204237124,6.26685922391,6.23703909661,0.0,1.25680659691,0.320411194043,6.00967134579,-0.107586025433,0.0311142812351,0.0,458.47514749004404,457.4185279479687,458.2322503553313,458.71540078787075
3.6000000000000028,1.38885295523,0.224267490398,21.7801775572,6.2601407006,6.2392389739,0.0,1.28102306535,0.309780032635,5.98228454461,-0.122631315668,0.0459330733107,0.0,429.8796841439051,431.13447850782785,431.7437211481619,430.4604487566519
3.660000000000003,1.46662575744,0.242310658879,22.143398291,6.25303472694,6.24188069202,0.0,1.31106280806,0.290890258767,6.12433465704,-0.111143203057,0.0399195750622,0.0,482.59824565711494,482.14497199870635,482.3892949260001,483.24471563311215
3.720000000000003,1.54595745568,0.259207014427,22.5106515887,6.2465637336,6.24414452481,0.0,1.33311246169,0.271749666122,6.11749064272,-0.101969835837,0.0329486622746,0.0,439.08384905760727,438.5057196723621,438.2013438807768,438.95296909593367
3.780000000000003,1.62646062465,0.274950255424,22.8746458563,6.24012426236,6.24586198895,0.0,1.35019890297,0.25254892284,6.01620035726,-0.12105954434,0.0181532587072,0.0,408.4896931228519,407.168157117712,407.4362223889948,405.7139068978932
3.840000000000003,1.70815315823,0.28921754724,23.2376612298,6.23330637129,6.24656892535,0.0,1.37276891583,0.222358124621,6.08393840968,-0.101859367017,-0.00570212905776,0.0,461.72597641117017,459.83965623557526,460.0384862044159,461.5453627239964
3.900000000000003,1.79109005556,0.30167982397,23.6020384615,6.22706631892,6.24593298267,0.0,1.39182989544,0.192525289043,6.0620599853,-0.10866620223,-0.0228404703474,0.0,434.30480939845785,432.8647416737654,433.5134928033581,432.93126473005464
3.960000000000003,1.87531343314,0.31204607185,23.9685617195,6.22082438726,6.24456747568,0.0,1.4157297692,0.152402108836,6.15483639404,-0.0960893177535,-0.0225949285217,0.0,469.7056397262163,469.724681243217,467.755136853782,468.7248234567311
4.020000000000002,1.96098155524,0.319905737598,24.3402330426,6.21488717054,6.24326888909,0.0,1.43998251614,0.109037724203,6.23372684184,-0.105399673727,-0.0198045344159,0.0,466.50830720286757,466.7262015654841,465.54485077462465,464.8076444037074
4.080000000000001,2.04797431822,0.325310761833,24.7127830097,6.20905997499,6.24180704649,0.0,1.45988465844,0.0706299921985,6.18482348653,-0.0842862750265,-0.0355468641286,0.0,427.6666472935623,426.32320472478386,425.2715596314973,427.067861604448
4.14,2.13619241528,0.328310106597,25.082531881,6.20374381734,6.23926510012,0.0,1.48090804734,0.0289181716016,6.14031823344,-0.0990431195887,-0.0616968319387,0.0,429.0676716927409,426.8400531777302,427.82148975729484,426.5558588421753
4.199999999999998,2.22568154971,0.328783696193,25.4487945221,6.1983240238,6.23564698615,0.0,1.5023593062,-0.0135888105704,6.06874034603,-0.0769731536424,-0.0576497326766,0.0,417.0449467887214,417.395537383276,418.18261825792524,420.0934873658751
4.259999999999997,2.31664639969,0.326390733865,25.8135070757,6.19395644848,6.23193098615,0.0,1.53011580667,-0.0665617962826,6.08814942925,-0.0655282565868,-0.0722796439776,0.0,447.38260598806045,446.1867473190728,447.11793748395445,448.0454626156112
4.319999999999996,2.40922377788,0.320955784997,26.1770155548,6.18970735087,6.22774402678,0.0,1.55614499923,-0.114939027211,6.02902055665,-0.0843407305633,-0.0652079310837,0.0,421.6109050856521,422.2175866901059,423.1401846645814,421.51288280085083
4.379999999999995,2.50348344086,0.312455123115,26.5379571852,6.18481491961,6.22437461993,0.0,1.58614548257,-0.168833044667,6.00240454633,-0.076460875203,-0.0423970238699,0.0,430.84893616973085,432.7712170713279,432.6411968225839,433.2986898427681
4.439999999999993,2.59966825104,0.300518605549,26.8985230759,6.18051378434,6.22223459087,0.0,1.62020614932,-0.229427850071,6.01628698366,-0.0635325809949,-0.0247927112705,0.0,444.9776956962918,446.4161686047875,444.44856319132725,445.50310333892696
4.499999999999992,2.69803157141,0.28470194092,27.2615540525,6.17664540891,6.22055269976,0.0,1.65868758456,-0.298118212597,6.08428598062,-0.066422275378,-0.0354554855562,0.0,462.9859480055049,462.14590402881237,462.61702153129795,462.3865113815429
4.559999999999991,2.79873328904,0.264694462044,27.6285999921,6.17286446678,6.2179344169,0.0,1.69822106325,-0.369121876029,6.15011050951,-0.0569527660117,-0.0698593861205,0.0,464.6335176213642,461.92655294197004,461.9870518671809,462.7305125247044
4.6199999999999894,2.90164791852,0.240719201055,27.9963226657,6.16903441207,6.21351914304,0.0,1.73262125185,-0.430351769427,6.10741460789,-0.0834309320712,-0.082337787216,0.0,429.42859907790347,428.3640373714506,431.03634579162394,428.78888417505925
4.679999999999988,3.00673237943,0.212953452706,28.3619263116,6.16545326036,6.20909970479,0.0,1.77058159272,-0.495512868962,6.07937699719,-0.0332210804609,-0.060338026943,0.0,432.6198771792133,434.4641466999407,432.38589028133964,436.5927215070617
4.739999999999987,3.11426894625,0.181061855995,28.7272262512,6.16334549555,6.20552948619,0.0,1.81427202804,-0.567695406932,6.0970623736,-0.0392478882625,-0.0578857038049,0.0,448.30079529672446,448.497603292664,449.17766299413097,448.6880128315197
4.799999999999986,3.22464893305,0.144558068887,29.095592839,6.16046460113,6.20208640472,0.0,1.86535260646,-0.649272638159,6.18121709169,-0.0781524910332,-0.0564014336403,0.0,469.94698952877667,470.05997827439484,470.84272981775786,467.8208496501999
4.859999999999984,3.33780246883,0.103632536812,29.4646570596,6.15592230456,6.19923838562,0.0,1.90668051783,-0.715299198599,6.12110343532,-0.0712137637354,-0.0338436898185,0.0,423.6708681999982,425.6047807677334,425.4864972135804,426.0754621869777
4.919999999999983,3.45421560582,0.0575540553544,29.8388107455,6.15126688546,6.19663057956,0.0,1.97388132609,-0.82100397301,6.34922940302,-0.0950808503069,-0.0820876233628,0.0,513.367244165165,509.93055172679027,513.6170530853252,511.9171060506851
4.979999999999982,3.57407952506,0.00600678241753,30.2192034001,6.14530774996,6.1913512047,0.0,2.0220039088,-0.897722147311,6.3304076638,-0.109526339711,-0.103662292505,0.0,442.6061435591651,440.81977016579305,441.97280391060076,440.7716222112008
5.0399999999999805,3.69650503882,-0.049624787134,30.5939992624,6.13855939403,6.18603775348,0.0,2.05927264141,-0.957189805538,6.16351051542,-0.119127413842,-0.0686061897741,0.0,389.5877977788709,392.84440499050305,391.61854826948354,390.71099804693324
